[app/ui]
version = 7.0.3
modtime = 1525727242.555174000

[app/launcher]
version = 7.0.3
modtime = 1525727242.558303000

[app/package/check_for_updates]
version = 7.0.3
modtime = 1525727242.559361000
